,Orientation X,Orientation X,Orientation X,Orientation X,Orientation X,Orientation Y,Orientation Y,Orientation Y,Orientation Y,Orientation Y,Orientation Z,Orientation Z,Orientation Z,Orientation Z,Orientation Z,Orientation W,Orientation W,Orientation W,Orientation W,Orientation W,Accelerometer X,Accelerometer X,Accelerometer X,Accelerometer X,Accelerometer X,Accelerometer Y,Accelerometer Y,Accelerometer Y,Accelerometer Y,Accelerometer Y,Accelerometer Z,Accelerometer Z,Accelerometer Z,Accelerometer Z,Accelerometer Z,Gyroscope X,Gyroscope X,Gyroscope X,Gyroscope X,Gyroscope X,Gyroscope Y,Gyroscope Y,Gyroscope Y,Gyroscope Y,Gyroscope Y,Gyroscope Z,Gyroscope Z,Gyroscope Z,Gyroscope Z,Gyroscope Z,EMG1,EMG1,EMG1,EMG1,EMG1,EMG2,EMG2,EMG2,EMG2,EMG2,EMG3,EMG3,EMG3,EMG3,EMG3,EMG4,EMG4,EMG4,EMG4,EMG4,EMG5,EMG5,EMG5,EMG5,EMG5,EMG6,EMG6,EMG6,EMG6,EMG6,EMG7,EMG7,EMG7,EMG7,EMG7,EMG8,EMG8,EMG8,EMG8,EMG8,Roll,Roll,Roll,Roll,Roll,Yaw,Yaw,Yaw,Yaw,Yaw,Accelerometer X vs Roll,Accelerometer Y vs Roll,Accelerometer Z vs Roll,Accelerometer X vs Accelerometer Y,Accelerometer X vs Accelerometer Z,Accelerometer X vs Accelerometer Z
,mean,std,amin,amax,RMS,mean,std,amin,amax,RMS,mean,std,amin,amax,RMS,mean,std,amin,amax,RMS,mean,std,amin,amax,RMS,mean,std,amin,amax,RMS,mean,std,amin,amax,RMS,mean,std,amin,amax,RMS,mean,std,amin,amax,RMS,mean,std,amin,amax,RMS,mean,std,amin,amax,RMS,mean,std,amin,amax,RMS,mean,std,amin,amax,RMS,mean,std,amin,amax,RMS,mean,std,amin,amax,RMS,mean,std,amin,amax,RMS,mean,std,amin,amax,RMS,mean,std,amin,amax,RMS,mean,std,amin,amax,RMS,mean,std,amin,amax,RMS,corr, corr, corr, corr, corr, corr
0,0.19811682650392298,0.23211972346330062,0.03870967741935427,1.0,0.30493314433816504,0.7710767910767895,0.27836768936007306,0.23809523809523836,1.0,0.8196575868300632,0.8237870730771326,0.2350590747585895,0.10141987829614596,1.0,0.8565795810012385,0.6428750086847761,0.11900094900976971,0.34704370179948585,1.0000000000000002,0.6537669531822933,0.5914661859168588,0.04740699993488314,0.0,1.0,0.593357900939988,0.6929492677905834,0.07666227495789753,0.2657241777264859,1.0,0.6971656245593837,0.492874692874693,0.0767483936088635,0.35275288092189505,1.0,0.49879841521911705,0.3552944867084958,0.07056024607332377,0.12123818395452474,0.8683430543352846,0.36221466637178673,0.4615831378137237,0.05953569177100598,0.0,1.0,0.4653965104968921,0.44455102920967626,0.07504878389272948,0.1511758145387299,0.8503136140926163,0.4508244836394439,0.5915783186501424,0.08156847727343913,0.0,0.9613259668508287,0.5971602309053423,0.5134311140408705,0.06305192942155144,0.0,0.8170731707317074,0.5172777879927194,0.3633391455972102,0.07752614208415476,0.0,0.7983870967741935,0.3714961552538524,0.5658589624106856,0.06390903921162952,0.0,0.9080459770114941,0.5694468296586926,0.4392581356867068,0.07073968829872947,0.05612244897959179,1.0,0.4449025608641819,0.4988553259141497,0.06395004338093245,0.0,1.0,0.5029266261062441,0.5194153337010482,0.04910783135879129,0.09387755102040818,1.0,0.5217253589803558,0.5081840267233523,0.08321190337701412,0.0,1.0,0.5149335022796092,0.08364163332842518,0.018781569223868054,0.034457435253298585,0.09761222494914268,0.08571882405377311,0.17930014318234977,0.22115467787084772,0.0,0.6640274410358424,0.2844745073721995,-0.32846976122758126,0.5088695001523384,1.0,-0.1874546248274455,-0.010024938785139456,-0.8468820340447265
1,0.4340645161290318,0.16377496493201063,0.12903225806451601,0.6903225806451605,0.4637406908749999,0.2712380952380957,0.13195115724499085,0.11746031746031749,0.5460317460317463,0.30143844836720335,0.524016227180527,0.12455132826749367,0.2636916835699797,0.7018255578093306,0.5385189128519284,0.36154241645244206,0.0883319936509022,0.20565552699228792,0.5372750642673522,0.3721067629806421,0.626061285500747,0.0186546132239546,0.5498878923766816,0.6784379671150971,0.6263372955791632,0.6205174071936914,0.03690678901847637,0.5525100980957877,0.7048470859780728,0.6216066947560418,0.6434485702091336,0.07000615412648571,0.42765685019206146,0.7445582586427657,0.6472204042743005,0.3470365940149679,0.07269069180704502,0.22262858715557482,0.6309953529729329,0.35451813496123696,0.46269077801761,0.0583489273896675,0.26439286877734725,0.6723312404643216,0.4663310584494123,0.4269315545980847,0.03978013326350016,0.2956503917793072,0.5472136960707681,0.42876854080881,0.5959484346224677,0.06525080778439328,0.32596685082872934,0.7458563535911602,0.5994862969182105,0.5160975609756101,0.04714837970520559,0.35365853658536583,0.6646341463414634,0.5182324211738789,0.364569892473118,0.04508367772891859,0.25806451612903225,0.532258064516129,0.3673284555300731,0.5652107279693485,0.03902430193455105,0.44827586206896547,0.735632183908046,0.5665473594609518,0.43136054421768716,0.09725739825823249,0.09183673469387754,0.8673469387755102,0.44211747377098,0.49741176470588205,0.034952005416037504,0.33725490196078434,0.6901960784313725,0.4986300853998603,0.5189931972789116,0.07503951093916404,0.17551020408163265,0.8979591836734695,0.5243542004241307,0.5078277153558052,0.052869428527405664,0.2752808988764045,0.6573033707865169,0.5105541405634592,0.02954192537018337,0.009600194391732753,0.011386677216166596,0.04924256877201855,0.031052772212060993,0.6664805432766399,0.16192296063157166,0.3408191962285776,0.851830373366588,0.6857408884640663,-0.2009091690315702,0.2234079197755645,1.0,0.41584246000781744,0.27842925157993725,-0.2791111909376573
2,0.19602580645161255,0.1616661696824208,0.06451612903225801,0.612903225806452,0.253884862512737,0.5202285714285709,0.11088410436230299,0.23492063492063497,0.6285714285714286,0.5318682825591704,0.5254198782961464,0.18893010523943057,0.13590263691683568,0.6815415821501014,0.5582274221460785,0.36146015424164574,0.09454230409088646,0.14910025706940877,0.5012853470437018,0.37357186373997225,0.6098236173393126,0.008872557784450504,0.5683856502242152,0.639947683109118,0.6098879008943496,0.624370455856895,0.04332427735043463,0.53866128101558,0.6837853433352569,0.6258657613121629,0.5549014084507043,0.06472861328141884,0.4334186939820742,0.6933418693982074,0.5586489123809347,0.33513443563497003,0.04850401599615718,0.09196138415776606,0.5033079634589124,0.33861234318591277,0.45725151223262006,0.03401014830290482,0.35520885332808355,0.5779997984471053,0.45850955155356715,0.43926637179951605,0.034636949067466644,0.28775761157607765,0.5372357157836539,0.4406244032752272,0.5949613259668501,0.08576367825992667,0.28176795580110503,0.9613259668508287,0.6010864881785906,0.5160243902439025,0.04776342629839459,0.3719512195121951,0.9085365853658537,0.5182213724257101,0.36693548387096764,0.06021174261712203,0.20161290322580647,0.8306451612903225,0.37182334711098475,0.5691954022988501,0.06346194894375488,0.3333333333333333,1.0,0.572708228757048,0.43569387755102024,0.07467548848043705,0.24999999999999994,0.9183673469387754,0.44202180692915627,0.49749019607843137,0.038167016598868404,0.396078431372549,0.7254901960784313,0.498946279137935,0.519134693877551,0.029598733613190462,0.34693877551020413,0.726530612244898,0.5199744331010104,0.5088764044943818,0.07464721539830518,0.1067415730337079,0.7696629213483146,0.5143006056683038,0.20381028691141662,0.35620219056457014,0.00018322444629487178,0.9988656687341908,0.4097695860012798,0.39752077635087113,0.15331576396765625,0.25587942970569655,0.7213741172954831,0.42595125098731823,0.17645941148045827,-0.7604787040271089,1.0,-0.3780849258986972,0.38001142807185234,-0.92858863176874
3,0.3155680224403921,0.15039903791514125,0.07096774193548328,0.5870967741935482,0.3493745143853812,0.5643695159223112,0.14025000854675373,0.29206349206349236,0.7269841269841271,0.5814299967181051,0.5215375505524551,0.18960016705164554,0.13793103448275856,0.7139959432048681,0.5547308888929102,0.621517188522889,0.1889218039782205,0.29562982005141386,0.8508997429305913,0.64942542114953,0.6006740383811939,0.011646005001708617,0.5723094170403586,0.6453662182361734,0.6007862243750569,0.6031833642160043,0.02980137299296104,0.532602423542989,0.6338718984420081,0.6039145439667188,0.5408458657080822,0.0813917897481258,0.41677336747759286,0.7112676056338028,0.5468982786245512,0.32543008127349804,0.08274987924655659,0.05921519228529987,0.5638436947570102,0.3357227263576659,0.4606852271466624,0.03449527298346929,0.31609821719433684,0.516333987208422,0.46196689441772637,0.4511171669449598,0.025796331531718494,0.3658036718586163,0.5355985358320783,0.45184954995955495,0.5894101094677601,0.055201714759478715,0.425414364640884,0.7403314917127072,0.5919734618756526,0.514013028329041,0.03811490648427069,0.36585365853658536,0.6524390243902439,0.5154154791239949,0.36099979963935036,0.042982012986669704,0.24193548387096775,0.5,0.3635338139897694,0.5640037124294994,0.054841021986883766,0.44827586206896547,0.7241379310344827,0.5666471962063206,0.4416909620991257,0.055664628149627964,0.24999999999999994,0.6071428571428571,0.4451631287177504,0.49842893679210826,0.02449884056348454,0.38431372549019605,0.5843137254901961,0.4990269234346584,0.5195335276967928,0.009887208251643359,0.47755102040816333,0.5551020408163265,0.5196270163323419,0.5051643520133993,0.057741547190621106,0.3314606741573034,0.7078651685393258,0.5084332799952218,0.19362732684124434,0.31210840642422893,4.6737345890557336e-05,0.9994760102348073,0.3664671304636903,0.32155046770413875,0.20110900282407687,0.11351025921306523,0.7406474426491694,0.37893050044448134,0.29026102558040284,-0.747973590450318,1.0,-0.4109939021089021,0.21033375813607835,-0.8540554406335604
4,0.3361889652741051,0.1641461557172024,0.18709677419354787,0.67741935483871,0.3739247866246965,0.5334200711249891,0.14007502052816098,0.24761904761904785,0.7269841269841271,0.5514079841764667,0.6401644886332151,0.20876300640952053,0.19066937119675453,0.7931034482758621,0.6731674475090131,0.6439377976315901,0.09981455814768256,0.43701799485861187,0.8226221079691517,0.6515860579454346,0.607758092577618,0.012582927458011019,0.5685724962630792,0.6646113602391629,0.6078876244548774,0.6307549686415106,0.04649924087061615,0.5233698788228506,0.7039815349105598,0.6324572670777924,0.5455769890080674,0.07687124113203132,0.3988476312419975,0.7208706786171575,0.5509366097883189,0.3218571657386438,0.07414449049604038,0.0,0.40853613354645435,0.3302414270517494,0.4621226362918849,0.029764847803995992,0.3461249112346989,0.5583718275925913,0.4630749787046191,0.43763689721081567,0.034174522195210146,0.3010123348521534,0.5049139229405373,0.43896192296311487,0.5922168885668571,0.058776197212533805,0.37016574585635365,0.8066298342541437,0.5951105835396842,0.5109622817539651,0.06300158621686608,0.24390243902439024,0.8170731707317074,0.5148106094713923,0.3619777895293493,0.05876711108550157,0.10483870967741937,0.6612903225806451,0.3666914526852189,0.5663588970542048,0.03425399675234103,0.48275862068965514,0.7241379310344827,0.5673881606909242,0.43802275008363994,0.04793456837992563,0.21938775510204078,0.6020408163265305,0.44062353157095385,0.4988106718097074,0.011557896530215094,0.4666666666666667,0.5529411764705883,0.4989438258070037,0.5192372030779525,0.009713191296166533,0.48163265306122455,0.5428571428571429,0.519327549426172,0.5051267882360162,0.05265290930428804,0.30337078651685395,0.7584269662921348,0.5078486504007037,0.07212799956250912,0.026374083705702555,0.012776667068432335,0.10167042143127786,0.07677395106045089,0.3756583248118018,0.16507037572089178,0.14122678413580836,0.7128804782959295,0.41014449711673634,0.05875028204232856,0.8691280939179964,1.0,-0.05305089011042781,-0.1406208568834858,-0.8560151346177778
5,0.46124531132783203,0.1538252808594748,0.15483870967741886,0.741935483870968,0.48610636431752513,0.2666223698781846,0.15240860374078288,0.06349206349206349,0.6095238095238096,0.30693294320637665,0.621529317420633,0.24474383202889155,0.07099391480730222,0.9087221095334685,0.6677721416789504,0.3342739283792672,0.13420093319687043,0.06683804627249358,0.5629820051413882,0.3600905201926251,0.6295434004240973,0.020789212031610955,0.4738415545590433,0.6877802690582959,0.6298849689920896,0.6499375998067604,0.057163531161479174,0.49480669359492213,0.7611079053664167,0.6524349427150465,0.6551380162582259,0.082912140145167,0.2580025608194624,0.8367477592829705,0.6603395106078593,0.35103700807967764,0.11281694385830775,0.02878192846330535,0.724279922514264,0.36863999434588235,0.46493160037086184,0.0520864942731413,0.04863049495297489,0.7016267193516559,0.46782665303614723,0.433115604268539,0.041817182823456395,0.27152164795149947,0.601579032657808,0.43512029378072375,0.5908261595785687,0.059122480794038375,0.4364640883977901,0.9558011049723757,0.5937632192954829,0.5148043108338062,0.05933019359674332,0.31097560975609756,0.7926829268292683,0.5181960805505812,0.36264066016504126,0.044523318892074316,0.25806451612903225,0.532258064516129,0.3653510013802071,0.5657845495856717,0.04549975006109649,0.42528735632183906,0.7816091954022988,0.5676026381558709,0.44024679639297604,0.07064269675383078,0.1071428571428571,0.8877551020408162,0.4458524657550305,0.49865937072503447,0.0280243572234387,0.38823529411764707,0.6666666666666666,0.49944256902178413,0.5189938300901753,0.022029678531249874,0.4,0.6408163265306123,0.5194589927676939,0.5066109223935196,0.06038459911317819,0.2471910112359551,0.7359550561797753,0.5101803278885533,0.20530984105494457,0.359838403996021,0.0,0.9994590397298106,0.4135620366571256,0.7073063444489939,0.17969288864728553,0.2914628777196224,0.9241203002638094,0.7296722656426397,-0.11201589452804542,-0.5607509370092065,1.0,0.3947624904272556,0.09848701179351425,-0.39793300272490667
6,0.2797461660497088,0.19813437110486026,0.10967741935483843,0.7354838709677409,0.34249178976365074,0.4030705178246164,0.12463104192941007,0.17460317460317465,0.5523809523809524,0.4217983638367429,0.5394650794178597,0.1781887859741331,0.11561866125760645,0.665314401622718,0.5679791468845513,0.3038616601345754,0.05200915288558381,0.17223650385604114,0.37789203084832906,0.30825651546274624,0.6188340807174884,0.013686497749638999,0.5657698056801195,0.6739536621823616,0.6189845846790913,0.632951166523196,0.040235501992062085,0.5340450086555107,0.6797461050201963,0.6342217501784942,0.5957018814326593,0.08140992479825887,0.4916773367477593,0.790653008962868,0.601208858165415,0.3387123060636831,0.07621259272829442,0.06086652764398903,0.5726111211085118,0.34713491023101295,0.45768264552863724,0.02748559328064738,0.328257012751736,0.506811784750883,0.45850270846656316,0.43260046021944776,0.038640362644205326,0.2618391703048444,0.5195127066135398,0.4343133395524787,0.5928206986082178,0.048983743757084225,0.40883977900552493,0.8011049723756907,0.594829955816199,0.5129948020791687,0.04041342747907278,0.35365853658536583,0.6585365853658537,0.5145755408529704,0.36382866208355374,0.048011176222925896,0.1935483870967742,0.6209677419354839,0.36696562831996127,0.567301048929087,0.036744413351135666,0.45977011494252873,0.6781609195402298,0.568483292761765,0.44217687074829937,0.053623687209048136,0.2959183673469387,0.8214285714285714,0.44539889059227283,0.49956069859637847,0.0165804544942444,0.4549019607843137,0.6431372549019607,0.49983427333953523,0.5197055871528937,0.015901417272397318,0.44897959183673475,0.6000000000000001,0.5199474691423205,0.5059556701663903,0.04988562077492782,0.30337078651685395,0.702247191011236,0.508395629959832,0.1776002242810702,0.34451110941309593,0.0010332206725550686,0.9980645726265743,0.38675725770763014,0.5339214340459285,0.18130464438842359,0.33846680455263,0.9302832714374292,0.5637054610481598,-0.06799921352950486,-0.8834436028240142,1.0,0.09816936869811031,-0.08716560083899043,-0.8556159329100801
7,0.3150348990756454,0.15045920871497007,0.10322580645161228,0.6580645161290315,0.34902545497112925,0.4418360716606336,0.13398101335438373,0.14285714285714302,0.6444444444444446,0.46164655106841357,0.6182223645659107,0.1399460254954314,0.21906693711967545,0.7728194726166329,0.6338189933577633,0.5063966686209956,0.10877885416709383,0.2622107969151671,0.7017994858611825,0.5179148831222858,0.616693546272258,0.01332849397686335,0.585949177877429,0.6758221225710015,0.6168371416547076,0.6328232824800992,0.026140009029202764,0.551933064050779,0.6658972879399885,0.633361357336795,0.5717085607745356,0.06386417749772494,0.4078104993597951,0.7445582586427657,0.5752541923379411,0.3421946748953631,0.05797201121144067,0.08964845610729438,0.5224941515206046,0.34705636839613757,0.45744161150653473,0.038765843039796,0.2928071396597506,0.6048063334481716,0.4590764907940281,0.4446698969046419,0.037721625842929735,0.31069242941299835,0.553917316454731,0.4462623417694294,0.5929372233530421,0.06995667804075459,0.1823204419889503,0.8729281767955801,0.5970378362242885,0.5141563257737847,0.04889281007735552,0.31097560975609756,0.7560975609756098,0.5164690159382914,0.3639879268062631,0.05684353335090394,0.20967741935483872,0.717741935483871,0.3683869571910791,0.5649660549842032,0.045825472310060684,0.43678160919540227,0.7816091954022988,0.5668160873883661,0.43713450292397626,0.0623099730832092,0.16836734693877548,0.7448979591836734,0.44154020650139403,0.49817681458548363,0.019950520566561575,0.38431372549019605,0.6,0.49857496733257894,0.5192863110156347,0.009542023992545811,0.48163265306122455,0.5551020408163265,0.5193737159323538,0.5081477100992179,0.055181293878246995,0.3426966292134832,0.7808988764044944,0.5111263709073484,0.11294678342875733,0.22109305896309783,0.0006597129583741923,0.9994293387711453,0.24798424621845286,0.4699158415777688,0.17022398151912999,0.21992831923373002,0.8677114431130204,0.49971229353260493,0.15087516076660418,-0.6421907110202242,1.0,0.00045965407142593503,0.3386520354782859,-0.6135634417076562
8,0.5027884089666478,0.14752489728021517,0.2838709677419349,0.774193548387097,0.5238671791047,0.2776791319164204,0.1657910205410509,0.04444444444444451,0.5873015873015874,0.323167249137987,0.6401256002108621,0.1862703373309735,0.2251521298174442,0.8235294117647058,0.6665293665009097,0.4980610866628901,0.12266260051253529,0.26735218508997427,0.699228791773779,0.5128605593345937,0.6282513322017006,0.01753144924744116,0.5883781763826607,0.6804932735426008,0.6284945120488906,0.6362892472802786,0.04014178586841683,0.5450086555106752,0.7083092902481247,0.6375470691890923,0.6396695530140265,0.08154423132374784,0.49551856594110116,0.7880921895006402,0.6448170524538982,0.3433175818953075,0.08755809745399848,0.08269908647281121,0.5831966041770316,0.35424577535721213,0.4574522064288803,0.04515914603753703,0.33557853883525857,0.6090530060676795,0.4596632983986406,0.4370586107702984,0.054701723140784524,0.22594513183230705,0.5344069929270013,0.4404493185767272,0.5930642694384615,0.08307565339391475,0.2651933701657459,0.861878453038674,0.5988220102696136,0.5158812181342153,0.07033599776091569,0.0060975609756097615,0.7865853658536586,0.5206271542957428,0.3643612174229995,0.06633539336592043,0.12096774193548387,0.75,0.37031691866034816,0.5652964478212872,0.05731571615538943,0.3908045977011494,0.8160919540229885,0.5681783218319868,0.43747838118298177,0.10040104610010091,0.030612244897959162,0.7806122448979591,0.44878809344412346,0.49768472360695654,0.031244941112757198,0.3607843137254902,0.592156862745098,0.49865901670459994,0.5199354317998387,0.014876072653740356,0.43673469387755104,0.5591836734693878,0.5201469989434814,0.5092045959499775,0.06649554310352085,0.21348314606741575,0.7359550561797753,0.513503648161131,0.05293314121503932,0.025567391223505667,0.005519883935563463,0.08648639253699597,0.05875300639613893,0.6736947325774949,0.19709039329559988,0.3069961468872604,0.9399389021433349,0.701776142857858,-0.19088137904940392,0.7027699028513373,1.0,0.32301468409519113,0.2943300373460689,-0.49711681679683656
9,0.4079749103942653,0.17343390157824068,0.1612903225806459,0.7225806451612895,0.443151880990033,0.34986772486772566,0.20771974364376117,0.11746031746031749,0.6857142857142859,0.4066388568454891,0.5979359176620844,0.21609851982168599,0.1947261663286004,0.8904665314401623,0.6356176010896358,0.4150361801390077,0.17060718459250332,0.08740359897172238,0.6221079691516709,0.4485834242393695,0.6252750788905495,0.02346035891000957,0.5474588938714499,0.7432735426008967,0.6257130050008064,0.636587431343634,0.06144317928059468,0.27553375649163303,0.9417195614541258,0.6395321289422624,0.6219442073315312,0.1039618209287664,0.147887323943662,0.7925736235595391,0.6305335993650781,0.3570553273795874,0.09933767906413146,0.1010596068551588,0.7547131863362584,0.3705547142122832,0.46090950179544377,0.06656347569278764,0.1870528045147848,0.8142666638543006,0.4656691450577066,0.4340375969739398,0.0509627237318288,0.160858292185385,0.6760504642251158,0.43700550422925066,0.5946388377327606,0.06840456100258559,0.22651933701657462,0.856353591160221,0.5985422862399894,0.5130137759710934,0.04099681254272785,0.38414634146341464,0.6524390243902439,0.5146417120457506,0.3644339904420549,0.04511041500138154,0.25,0.5403225806451613,0.36720248074927825,0.5612494678586627,0.046048207620005735,0.3908045977011494,0.7931034482758621,0.5631266160968751,0.43544501133786834,0.061389350823352284,0.20408163265306117,0.6377551020408163,0.4397312393141514,0.4984749455337689,0.0159739542244321,0.43529411764705883,0.5529411764705883,0.4987296434028819,0.5184996220710504,0.0645655524883624,0.0,0.9836734693877551,0.522485663985134,0.5042915106117355,0.08094110757648129,0.1573033707865169,0.7078651685393258,0.5107162223035748,0.1701780680480572,0.32145858045317177,7.51973000506223e-05,0.999866143777137,0.36306719508689367,0.6049015069386939,0.22825665751309968,0.23916655293273092,0.8923861949964027,0.6463479914036965,0.14070118476362908,-0.1335911434186114,1.0,0.07948597512571666,0.21607572759338606,-0.4952281618830402
10,0.3269677419354836,0.13405325155664996,0.11612903225806459,0.5935483870967735,0.3532115183441033,0.38311111111111096,0.08946178891226991,0.161904761904762,0.5111111111111111,0.3933499447747996,0.43744421906693715,0.21033680970146681,0.10547667342799183,0.6835699797160244,0.4850815132398239,0.2705741216795202,0.05404590136502084,0.13367609254498716,0.37789203084832906,0.2758837467375929,0.6190246636771298,0.015444270880938324,0.5827727952167413,0.6709641255605381,0.6192160120455603,0.6096730140411618,0.058717663929532,0.5155799192152337,0.7775533756491634,0.6124752754304951,0.6185061886470336,0.06479089201878938,0.28937259923175407,0.7759282970550576,0.6218679758212455,0.3465192638149373,0.08191483665004111,0.1309953529729329,0.5398596364945114,0.35600689186469386,0.45182301468445624,0.05805421429378313,0.22176677517712043,0.5816605614888665,0.45551274382155016,0.4369544639963396,0.0619663763464882,0.19377347339523004,0.5504928221455399,0.4412974467694017,0.5921546961325964,0.08666842156133445,0.3204419889502763,0.8121546961325967,0.5984216935789078,0.5115853658536587,0.035461470643097695,0.4024390243902439,0.6463414634146342,0.5128047572092702,0.36155913978494614,0.053976583708423745,0.18548387096774194,0.7016129032258065,0.365539409649544,0.5648275862068965,0.0491649179075749,0.3908045977011494,0.8160919540229885,0.5669490953329192,0.4439455782312925,0.06609561931763527,0.16326530612244894,0.7448979591836734,0.4488063982589208,0.4999215686274511,0.023147847091786126,0.4196078431372549,0.5843137254901961,0.5004536196809344,0.5185850340136052,0.014121676767693114,0.4612244897959184,0.5836734693877551,0.518775991907161,0.5038576779026216,0.08993508067424938,0.17415730337078655,0.803370786516854,0.5117684595521688,0.21408065110605207,0.3897993342639008,0.0002571447498770363,0.9986039005757609,0.4435776024146781,0.566828761443447,0.1031143043273022,0.393929791621229,0.8083320282698885,0.5760698923088267,-0.39104780481839085,-0.6306776116592228,1.0,0.3981879093715821,-0.2752001999569408,-0.5017989350564533
11,0.47606328333675746,0.08386152471856045,0.2838709677419349,0.6064516129032249,0.4833468841831624,0.3525427156000404,0.07447776171222317,0.13015873015873014,0.42539682539682544,0.3602748568849378,0.3719202594281726,0.23044749597803427,0.020283975659229236,0.6835699797160244,0.4371412502730655,0.4484796882419402,0.1285569456882136,0.23650385604113114,0.6529562982005142,0.4664286143086732,0.6141724505631568,0.02346480803199978,0.42507473841554555,0.6946935724962631,0.6146176773068723,0.5736067568113908,0.0511149120828232,0.49249855741488757,0.6889786497403347,0.5758652655592029,0.6405800174527189,0.05012424747297259,0.5249679897567221,0.8085787451984635,0.6425256385084824,0.32988653373502425,0.0629828457230318,0.19335178735881609,0.49123522001926556,0.33580753044795747,0.462516901252173,0.0595601868465594,0.2200090464438804,0.7704710947368913,0.4663118106971446,0.4357885117899301,0.05215847084076147,0.27345909671515456,0.544980744666654,0.4388790323361575,0.5988316852588246,0.07949298097372656,0.32596685082872934,0.8950276243093923,0.6040515474963313,0.514952617679043,0.030592735780867797,0.4329268292682927,0.6524390243902439,0.5158547786848008,0.36192726525580404,0.035721233121170926,0.2903225806451613,0.5080645161290323,0.36367461335833373,0.5633648144080823,0.0370401332511348,0.48275862068965514,0.6666666666666666,0.5645734203029079,0.439100480956714,0.06746814076566728,0.2755102040816326,0.693877551020408,0.44422087871077653,0.49778943424503563,0.019681518340559825,0.45098039215686275,0.6392156862745098,0.4981758883519471,0.5188873001429869,0.014406502252001203,0.48571428571428577,0.616326530612245,0.5190859809313337,0.5045802619337294,0.06758903363399149,0.30337078651685395,0.6966292134831461,0.5090583668814188,0.2524063036911019,0.3940144082346097,0.0013132535319299588,0.9999007191415085,0.4668698527324849,0.5936328561070204,0.0843695371653828,0.46894419662132525,0.8238507350511588,0.5995605454647773,-0.23892919960891107,-0.5936230829528507,1.0,0.4536370449518078,-0.12221539601568833,-0.5471383270916134
12,0.3569341053212012,0.11730854238626157,0.20645161290322545,0.6193548387096772,0.3756387103441535,0.4530321530321534,0.1265676551211489,0.22539682539682548,0.5936507936507938,0.470307393256801,0.6531526845928485,0.16615987073904817,0.25557809330628806,0.8093306288032455,0.6738690855178943,0.5889855645639708,0.09189757965980527,0.3958868894601542,0.7146529562982005,0.5960814289698363,0.615470053530592,0.009900282649654701,0.5937967115097159,0.6649850523168909,0.6155493347567045,0.6355068282361996,0.03560598333931486,0.5418349682631276,0.7031159838430467,0.636499251292013,0.5701079046149468,0.06113214456224471,0.46094750320102434,0.7195902688860436,0.5733621816298274,0.34217471104571606,0.06894002835605416,0.15299463316008424,0.5190221130741302,0.3490214170901685,0.45684360314639655,0.02846701660049831,0.30950790626384206,0.5489972743486443,0.4577258848326558,0.44327939045471876,0.03770687589226179,0.3273740300840753,0.5305320953996912,0.4448734093950833,0.5911602209944748,0.07840282694952294,0.24309392265193375,0.8674033149171271,0.5963146324845255,0.5128726287262868,0.0622820258991416,0.27439024390243905,0.8902439024390244,0.5166244350655087,0.36186931348221635,0.059679930625984985,0.16935483870967744,0.564516129032258,0.3667367901432477,0.5653797033107372,0.04570318596753957,0.44827586206896547,0.7471264367816092,0.567216064395134,0.43929879644165354,0.0435515212665614,0.24999999999999994,0.6020408163265305,0.44144315812408863,0.49820680408915713,0.01757082404723846,0.396078431372549,0.5686274509803921,0.49851522957976907,0.5191697191697201,0.011220969022561714,0.48571428571428577,0.5551020408163265,0.5192904479874672,0.5052098338615192,0.07291561906286431,0.202247191011236,0.7078651685393258,0.5104223181316999,0.06605562438150189,0.022792781175477606,0.012007516206771374,0.08990790373826302,0.06986155061408472,0.462224503224588,0.1420381551225686,0.30699319825142557,0.7480201279315015,0.4834667637361653,-0.21677097433647274,0.8799535361619869,1.0,-0.11909310220894051,0.29088539215423675,-0.90599754490129
13,0.40297469576975015,0.18603603041524505,0.1935483870967749,0.7999999999999989,0.4436110549790173,0.3595665811234676,0.13825932382159892,0.14920634920634934,0.5523809523809524,0.38508349999774205,0.6016081427408874,0.193056058893673,0.17647058823529405,0.8133874239350913,0.6316484954398586,0.4793343903452732,0.10712099721808643,0.18508997429305912,0.6889460154241644,0.4910882342191175,0.6208390394099692,0.019332611993788485,0.5009342301943198,0.7059043348281016,0.6211381687826977,0.6312942493547241,0.050410953833039694,0.5285631852279284,0.7458165031736873,0.6332917782376505,0.6076579235894412,0.08553537201515493,0.24519846350832275,0.7682458386683739,0.6136127783773448,0.3634573468101532,0.10430721013302885,0.11627623876615606,0.6240486297092167,0.37804244122958985,0.4640905001406957,0.037579816079069,0.30936025705024994,0.6420092479967751,0.4656004492641766,0.4302394439002192,0.048867176800287855,0.26839265628276743,0.5643433168741541,0.4329892384909861,0.5859661891686243,0.08583257251152622,0.23756906077348072,0.8839779005524862,0.5921819738898071,0.5144953994450125,0.04138066693443886,0.38414634146341464,0.6646341463414634,0.5161468996281456,0.3660421093297272,0.05121031088200212,0.22580645161290325,0.564516129032258,0.3695857385975287,0.565765021680776,0.05223937013664884,0.4137931034482758,0.8390804597701149,0.5681572586186212,0.44454967615788804,0.07111736029036377,0.07653061224489793,0.7959183673469387,0.4501686439592941,0.49951860983914514,0.022864925308389464,0.39215686274509803,0.6078431372549019,0.5000385143339159,0.5196871562996456,0.013642622053325577,0.48163265306122455,0.5673469387755102,0.5198651239133848,0.5071318038081142,0.095753024306789,0.1404494382022472,0.8876404494382022,0.5160391516655267,0.04867300766674258,0.020961523640108937,0.0061488688821287885,0.08887743606819154,0.05296995467152313,0.5732158267283805,0.1693454863448861,0.3456516847339435,0.8869155413043555,0.5975638491765074,0.020620575880582626,0.6468315193356737,1.0,0.36345232435552166,0.06183343440021561,-0.6905580115341453
14,0.3081321228510715,0.18154957870964802,0.11612903225806459,0.6903225806451605,0.35736296380390076,0.3871685201026521,0.11603930428138601,0.18730158730158752,0.5174603174603176,0.40408409228115005,0.5645868506394921,0.2069117380873768,0.11967545638945232,0.742393509127789,0.6010943496601586,0.32512353185659537,0.06838182174630479,0.2185089974293059,0.467866323907455,0.3321947983817006,0.6208345640557449,0.012218956976565503,0.57754110612855,0.655269058295964,0.6209540762459678,0.6370162156932525,0.048965375557431266,0.5372186959030583,0.7106174264281593,0.6388841132204498,0.5993812630820305,0.07235106562535563,0.5064020486555698,0.7644046094750321,0.6037062446765736,0.3432648406095642,0.0929626689769945,0.11197588626956989,0.5911357164784214,0.35555739307852136,0.4531449654389837,0.03262634686282165,0.33557853883525857,0.5396227211046973,0.4543109772936358,0.44549232041322223,0.04145719464906794,0.3632704516424228,0.5659828799115398,0.44740564918720005,0.5948986005888779,0.06678268757991478,0.3535911602209945,0.8232044198895028,0.5986130354336955,0.5099678691397691,0.03508761576824746,0.36585365853658536,0.6158536585365854,0.5111663097610953,0.3623720301332815,0.04307673184683587,0.25,0.5241935483870968,0.3649081824834474,0.5635625301121892,0.05538988480586353,0.3908045977011494,0.7816091954022988,0.5662617709083073,0.43700354393254304,0.09407186379670741,0.0,0.8877551020408162,0.44695483200952346,0.49759304919572633,0.022289643767894714,0.4156862745098039,0.5607843137254902,0.4980890440553002,0.5196627153855555,0.020457721094126934,0.38367346938775515,0.6408163265306123,0.5200628327580576,0.5096212070241537,0.06418853289039844,0.2303370786516854,0.7415730337078652,0.5136236664525652,0.19016103263313464,0.3503151874052122,0.0003194214298013476,0.9978714182342634,0.3976771230345493,0.5567221194632567,0.1660970096383591,0.3713995105564123,0.8917830213944775,0.5808291797151763,-0.18544913687342562,-0.7251002344975225,1.0,0.039359172337418556,-0.14183920827941932,-0.790739906881427
15,0.5264571507683786,0.12659537002534094,0.2258064516129039,0.6903225806451605,0.541400717146859,0.2468833026772941,0.11042116797003947,0.06984126984126982,0.5238095238095237,0.2703550808022997,0.6165545099199955,0.15022546456089975,0.23123732251521295,0.8235294117647058,0.6345157971758688,0.5032050928428788,0.1277834686161778,0.2879177377892031,0.8097686375321337,0.5191087558715659,0.6301683378561296,0.013630922142559588,0.5928624813153961,0.679559043348281,0.63031511059245,0.626089368457288,0.030906191571571533,0.5565493364108482,0.6967686093479516,0.6268484589063904,0.6467113253065021,0.05101267426047469,0.5217669654289372,0.7522407170294494,0.6487115403441582,0.34228478656644956,0.07294870043754992,0.09278969820787769,0.5266277826588616,0.3499393503154906,0.4595089961059497,0.04025201296805852,0.34026581545723206,0.5886914764218267,0.46126108474144367,0.4410704915555307,0.03975951039234846,0.3169504127504623,0.532915181209845,0.44285123072901783,0.5910653735802526,0.06951264941855356,0.3535911602209945,0.8011049723756907,0.5951214548654328,0.5116978959489163,0.044835361127897745,0.3902439024390244,0.853658536585366,0.5136499964148467,0.36030735151599014,0.061924035199914323,0.1532258064516129,0.7016129032258065,0.3655673894655851,0.5638597010507622,0.06541544318943958,0.3908045977011494,0.9080459770114941,0.5676253844715149,0.44000175177367096,0.07973621621993913,0.13265306122448978,0.7397959183673468,0.44713769553712945,0.49960447698392635,0.03567694844696814,0.37254901960784315,0.6705882352941177,0.5008712561330442,0.5189279145134449,0.01566115374575368,0.40816326530612246,0.5714285714285715,0.5191631723548232,0.5086801369532719,0.060740597663183814,0.2415730337078652,0.7921348314606742,0.512278310602549,0.10758439305831664,0.2177269605411052,0.0005734231089569164,0.9995887852456113,0.24243757116961367,0.6950956919699499,0.12322838339411366,0.4125602841288911,0.8950525138026793,0.7058881517556198,-0.07817716650678636,-0.4621468754447341,1.0,0.024923582154844585,0.22383079163793337,-0.6077762074049515
16,0.4485483870967741,0.14786666861275036,0.1999999999999993,0.741935483870968,0.47217675132869136,0.37406349206349204,0.12629393270756606,0.161904761904762,0.6095238095238096,0.39470736343053403,0.6691075050709943,0.19884705335888161,0.2028397565922921,0.8377281947261663,0.6978877439951876,0.591735218508997,0.06335536539225137,0.42416452442159386,0.6889460154241644,0.5951003290507043,0.6213695814648728,0.011165186765147836,0.5790358744394618,0.6535874439461883,0.6214693836854349,0.6363444893248705,0.04298832612308745,0.5429890363531449,0.6924408540103867,0.6377876333828374,0.6006594110115236,0.06714828052004121,0.4929577464788732,0.7477592829705506,0.6043823915003019,0.34725060601890545,0.09417311370149252,0.08220421513935783,0.6008928854968296,0.3597321445853989,0.4635291325960247,0.035231131643766254,0.38377077342407895,0.5857619285330933,0.4648594230936262,0.4406009070024596,0.039993968637400505,0.3264827559910778,0.5285970297218463,0.44240329925433697,0.5911325966850827,0.11404463894818358,0.11602209944751385,0.9502762430939227,0.6019791488399795,0.5155487804878046,0.050395906268365244,0.3719512195121951,0.7317073170731707,0.5179938162702614,0.36419354838709694,0.060465307574393376,0.1532258064516129,0.7016129032258065,0.3691540516366441,0.5653448275862066,0.06600509361345792,0.4022988505747126,0.8160919540229885,0.5691657606528037,0.44033163265306113,0.05636130426129212,0.21428571428571425,0.7091836734693877,0.4439061391216099,0.4989999999999998,0.023140269112986445,0.403921568627451,0.6392156862745098,0.4995335771440673,0.518183673469388,0.015086192129013945,0.4326530612244898,0.5551020408163265,0.5184021360654463,0.5048595505617979,0.07665351295698614,0.22471910112359555,0.7921348314606742,0.5106168309377042,0.066397285868605,0.02238680498274227,0.007269171607639124,0.08760399675191116,0.07005185766891489,0.5616827434191104,0.1435080124666163,0.3086583880518847,0.8565388072024196,0.5796370253432106,0.31080151617837215,0.8880363430248317,1.0,0.3176625907428739,-0.11626941348604167,-0.7901944644224606
17,0.4478363493312351,0.18098016967340125,0.1935483870967749,0.741935483870968,0.48285758030373727,0.2995896244676739,0.20625363780722097,0.0,0.6063492063492064,0.3634377405490522,0.6236184633651616,0.1801638477466932,0.21703853955375252,0.8235294117647058,0.6489997405552224,0.41069659539783065,0.17913298058674693,0.07455012853470437,0.6478149100257069,0.44788814265228155,0.6270161143315468,0.01500161306655144,0.5956651718983557,0.6644245142002989,0.6271946733104347,0.6436251812027649,0.03985090692535803,0.5585689555683786,0.7016733987305251,0.64485170532243,0.6294556697167484,0.08975027327240168,0.45710627400768244,0.7727272727272727,0.6357910493738849,0.36153359380506567,0.094993407548794,0.1346367591485037,0.6023827922387237,0.3737462623852687,0.4657517217024391,0.037855776320209006,0.3297194430577918,0.581222301124712,0.46728014673638607,0.4325934994999007,0.03194137407355102,0.3123319924503842,0.5306822298057309,0.43376538629919315,0.5895701387953107,0.07494089563436046,0.3204419889502763,0.7955801104972375,0.5942909141180505,0.5118381915526473,0.05381038299011254,0.2804878048780488,0.7378048780487805,0.5146452826749559,0.3633359559402044,0.056762521879557166,0.1935483870967742,0.5725806451612903,0.36772174775844224,0.5665264928511353,0.056677065491284165,0.3908045977011494,0.7586206896551724,0.5693407478380589,0.4411896465903434,0.07193510589829263,0.2091836734693877,0.7295918367346939,0.4469873840253655,0.499397417503587,0.023346736990162164,0.39215686274509803,0.580392156862745,0.4999401882812243,0.5199800895968146,0.013339727588867867,0.47346938775510206,0.6000000000000001,0.5201503377568946,0.5057001918333787,0.07985320187972192,0.101123595505618,0.803370786516854,0.5119356530147002,0.10538564469303881,0.2337367143718086,0.00010615018735465886,0.9984886110857484,0.25587591531317055,0.6546950047884265,0.23914629144247346,0.32466306825741564,1.0,0.6968052222594157,-0.10565516384636184,-0.4652389040456033,1.0,0.07457909974130016,0.5061851002948035,-0.49332250815521295
18,0.3908020924149954,0.14006000766042387,0.09677419354838701,0.5483870967741931,0.41498257216057555,0.39279279279279244,0.11973796574267109,0.2603174603174605,0.6603174603174604,0.4105197750040097,0.3230223123732251,0.15943236731354582,0.08316430020283982,0.6125760649087221,0.35998659169754793,0.3469568540262627,0.10028975962235262,0.18766066838046275,0.5526992287917738,0.3610666624585885,0.6134193330101404,0.012874550515450816,0.5568011958146487,0.6653587443946187,0.6135535120930987,0.574107936557446,0.03508429699665122,0.5043277553375649,0.6696480092325447,0.5751717254601066,0.6276127279648409,0.0670959195673943,0.45006402048655575,0.7195902688860436,0.6311649394070631,0.3392954874657869,0.07851609940501757,0.13992950068276364,0.5044670738549153,0.3482018836478716,0.4492234291114968,0.04265619345557013,0.289732286195736,0.556466449645759,0.4512304797333376,0.4373182414011824,0.03745191646343408,0.347630259470383,0.5384272586887309,0.4389082056317162,0.5917201732118859,0.10096794374846409,0.19889502762430944,0.9613259668508287,0.6002153006384708,0.5126483190507582,0.027811805222217618,0.4024390243902439,0.5975609756097561,0.5133970872604537,0.3628487358326066,0.03655901822347796,0.25806451612903225,0.45967741935483875,0.36467346501455455,0.5661696178937557,0.04719478863316498,0.47126436781609193,0.7701149425287356,0.5681200002208522,0.43632790954219514,0.08827063168628634,0.13265306122448978,0.9030612244897958,0.44510796714087575,0.4966613672496027,0.027770637809514328,0.396078431372549,0.6274509803921569,0.497431916120724,0.5192222835079974,0.013083880967233563,0.4653061224489796,0.5510204081632654,0.5193859941865454,0.5070224719101124,0.07285231679690603,0.2921348314606742,0.8202247191011236,0.5121946757512007,0.36561267378445433,0.46160911800084053,1.2061304973387532e-05,0.9996079968896083,0.5876358185161845,0.5641835268464931,0.16450666636295647,0.18819627485262536,0.7332772250813027,0.5875224599079838,0.045516502217838865,-0.574789999285066,1.0,-0.13429799993781497,0.24703280929579177,-0.6428025863563053
19,0.2908134642356232,0.17375422647052152,0.11612903225806459,0.6580645161290315,0.3385246272032386,0.5455141476880602,0.13117070904666278,0.24126984126984152,0.6952380952380952,0.5609794387516104,0.4709520239880064,0.2665900768047839,0.0,0.7200811359026369,0.5408140405785964,0.49505420811445194,0.1413174004030635,0.18766066838046275,0.712082262210797,0.5147239461277558,0.602329685773705,0.023474323818799783,0.4230194319880418,0.7372944693572495,0.6027844552070921,0.6006579442534931,0.07851060469311628,0.0,0.8266012694748991,0.6057395327249168,0.5582969158826474,0.09825337885102992,0.0,0.821382842509603,0.5668304039437811,0.3435109205366195,0.10923899892819788,0.09460775492489598,0.9999999999999999,0.3603721094790294,0.46160754889975875,0.07371761152227384,0.1221621469601839,0.9554708720912519,0.467425161159942,0.4414791575315044,0.07269181836686847,0.0,1.0,0.44739158357633396,0.5934122027384099,0.06495179430198339,0.2983425414364641,0.8011049723756907,0.5969370570094652,0.5132555673382824,0.03319156848789541,0.3902439024390244,0.6158536585365854,0.5143218547076681,0.36338534361851293,0.04989975903635174,0.22580645161290325,0.532258064516129,0.3667769913398109,0.565029985007496,0.06525644237314059,0.367816091954023,0.7816091954022988,0.5687654558187686,0.44005102040816313,0.04998176087450692,0.260204081632653,0.7295918367346939,0.44286510354352876,0.49923273657288997,0.019930815943452963,0.4156862745098039,0.6196078431372549,0.49962826560472334,0.51949866903283,0.011828402871423793,0.47346938775510206,0.5551020408163265,0.5196325796703659,0.5096482657547629,0.06868459656753695,0.3314606741573034,0.898876404494382,0.5142307746570685,0.2175144834631352,0.35294310442645405,0.0011927388492725122,0.9995303215339318,0.4137685112965697,0.3784353086253294,0.17506197481006888,0.1785841662067278,0.6923345419862375,0.4167654252857559,-0.006289607749961484,-0.5032729081715809,1.0,0.40024871070095747,0.24211484426359747,-0.2662494968475817
20,0.5983022071307297,0.12140848136086513,0.3935483870967742,0.8258064516129036,0.6104167237161551,0.2906223893065998,0.0716226279378037,0.15873015873015883,0.4222222222222223,0.2992614664625319,0.27147165581296057,0.2056708310452316,0.05882352941176461,0.6531440162271805,0.3401750401637532,0.4435969422270328,0.13827438891368005,0.17737789203084836,0.6555269922879178,0.4645129337070343,0.6142157875068834,0.021158472201138735,0.5863228699551569,0.7819506726457398,0.6145777162403522,0.5525936161812494,0.044518172072146846,0.4151759953837277,0.7579342181188691,0.5543721977931342,0.6777705707931799,0.06067102767710487,0.4295774647887325,0.7880921895006402,0.6804628596045006,0.34099477982473775,0.09018495189603397,0.10188527453450338,0.5502810445754691,0.3526432428042505,0.4611299722599569,0.0586237984678353,0.18836992924555934,0.55558992891745,0.4648171585339371,0.4380445978204048,0.050268681874102404,0.26198930471088405,0.5266619640440013,0.4409006525842914,0.5862169235242802,0.06797888926338772,0.276243093922652,0.8287292817679558,0.590119486752256,0.5160462130937097,0.04974853249138419,0.35365853658536583,0.725609756097561,0.5184229240572878,0.36693548387096736,0.0595373854308021,0.2338709677419355,0.5725806451612903,0.3717028775663214,0.5689655172413794,0.046166921478548076,0.42528735632183906,0.7126436781609196,0.57082319695436,0.44223281417830296,0.050290775446567224,0.24999999999999994,0.7551020408163265,0.4450644726405028,0.49904540763673894,0.015915074067226413,0.43529411764705883,0.5843137254901961,0.49929744850845353,0.5191729323308268,0.009253337300362428,0.489795918367347,0.5551020408163265,0.519254845522641,0.5063571850975754,0.053193509983721216,0.30337078651685395,0.6797752808988764,0.5091252625308067,0.24872517750575066,0.40493310097798674,0.000923399657112689,1.0,0.4740846705207137,0.6978650799710794,0.09171108657639196,0.45770090766582516,0.8175044854523819,0.7038261562500278,-0.1006783962678618,-0.24181606139672004,1.0,0.04318294051132475,-0.3672014049275606,-0.6187533951353866
21,0.5417717373505807,0.05198367706694536,0.3935483870967742,0.6064516129032249,0.5442473709635839,0.21350414954475924,0.12420784928260581,0.06666666666666665,0.3936507936507938,0.24684671166038197,0.34720606254054215,0.14238158903488712,0.08519269776876259,0.5801217038539553,0.37512885863909323,0.23542077173019474,0.15561661237275726,0.0,0.6401028277634961,0.28198677851976434,0.628195351801689,0.01737756297854437,0.584641255605381,0.6621823617339312,0.6284344411539422,0.5911289070623695,0.047640689890403584,0.4821119446047317,0.6725331794575881,0.5930358329025709,0.6913237616748018,0.03739438643703833,0.5224071702944943,0.7708066581306018,0.6923292463993677,0.3501844909991959,0.048521748023365764,0.2674501688384549,0.5033079634589124,0.35351320583743473,0.4593330512163846,0.028843858875295655,0.35564711369223806,0.5448959073044175,0.4602331984394058,0.4242046977322991,0.03649380578279175,0.3196290012010753,0.49761691418984616,0.4257636234384431,0.592450290265586,0.08217587377466083,0.28176795580110503,0.9392265193370166,0.5980935897641873,0.5135570137427261,0.030822492793340123,0.4207317073170732,0.6341463414634146,0.514476442569553,0.3643769444899295,0.04576293450740768,0.20967741935483872,0.5725806451612903,0.3672249626037213,0.5657856351012309,0.05074511063755862,0.4137931034482758,0.7126436781609196,0.5680452268422108,0.44092510100486887,0.0434331862607756,0.3214285714285714,0.6836734693877551,0.443048316235242,0.49875584751667157,0.012773297580178642,0.4666666666666667,0.5764705882352941,0.4989185548307041,0.5190717911530095,0.009080741031791403,0.489795918367347,0.5428571428571429,0.5191508120484085,0.50824160155136,0.08348931240309823,0.2303370786516854,0.9662921348314607,0.5150190363088711,0.5954967499183093,0.4812021527253228,0.0005233730662574931,0.9999737117455313,0.7648506274178494,0.7730811033875646,0.13416775313269472,0.5079732617964732,0.9297357662312924,0.7845788697334747,0.3951874997145002,0.36984820147885245,1.0,0.8249662317925035,0.5710775955714771,0.4427541860824002
22,0.385507944150216,0.14515226008436666,0.11612903225806459,0.6322580645161286,0.4117381703635818,0.3538497986259177,0.13000445344744463,0.16507936507936516,0.6158730158730157,0.3768085851723937,0.38704550270957583,0.16803157167784252,0.14198782961460443,0.6308316430020284,0.42169672065397873,0.3021524766910947,0.11478614900358611,0.14910025706940877,0.5347043701799485,0.3230691131324383,0.6193918300872321,0.013064081335078703,0.5911808669656202,0.656390134529148,0.6195285592622614,0.5927776007441155,0.040727120761514704,0.5349105597230237,0.6791690709751875,0.5941646269877243,0.6297800370745503,0.05894181985653088,0.4980793854033291,0.7413572343149808,0.6325117444140317,0.3415090127488714,0.0820574729505591,0.167549672379299,0.5267945040171909,0.3511574934222301,0.4503404904199584,0.05113566446181202,0.2888534218291159,0.5662816068921714,0.45321286349744166,0.44867909110387694,0.040143922290653535,0.35373810840180736,0.525170152326845,0.45045802791584966,0.5969736950606085,0.09531689672013839,0.2099447513812155,0.9116022099447514,0.6044791994500767,0.5121041135784491,0.03263556366301605,0.4207317073170732,0.6585365853658537,0.5131352207764016,0.3630235917188248,0.047520177590138386,0.25,0.5725806451612903,0.36609758730155684,0.5625321667524443,0.059912894520240574,0.4137931034482758,0.8045977011494252,0.5656900262843928,0.43702406335668575,0.0807651670904798,0.15306122448979587,0.7755102040816326,0.4443696265186296,0.49681006731050614,0.025178892278746815,0.3803921568627451,0.5882352941176471,0.49744294992358223,0.5189765458422174,0.017219026458276415,0.3918367346938776,0.5714285714285715,0.5192599901380718,0.5093493208116721,0.06103830361703311,0.3426966292134832,0.6685393258426966,0.5129664721779085,0.3342992437800638,0.45313240147666767,0.0003074828269531982,0.9999766227542004,0.5617407336924017,0.602991685638414,0.16760954010505985,0.24185159935809475,0.8300131600459597,0.6256854496817692,-0.16192956391136398,-0.5927562206403014,1.0,0.3233378394625473,0.22944207321384705,-0.5309183464988327
23,0.40973271889400864,0.11133100677996996,0.09677419354838701,0.67741935483871,0.424505203450795,0.4646712018140595,0.0831182817449926,0.2444444444444447,0.6444444444444446,0.47200476328385316,0.4573746740075338,0.24222537927132332,0.06490872210953347,0.6977687626774848,0.5172324929208632,0.5632904884318765,0.20699344665047645,0.18251928020565555,0.8406169665809767,0.5999146817578326,0.6073350416399744,0.017701506199076514,0.5625934230194319,0.6973094170403586,0.6075914791965719,0.5866029181435989,0.043214023019772334,0.4676860934795153,0.6520484708597808,0.588183444349702,0.5765977684287547,0.06028543461651747,0.46734955185659405,0.7432778489116517,0.5797228239108728,0.34237559411023727,0.1123097406906594,0.0023182207920057762,0.5942769585790048,0.3602255519532623,0.4689754718162428,0.06186725313472441,0.21752010255761245,0.6591482749650212,0.47301551604715686,0.4462997350008581,0.06588735631280232,0.21105084551884545,0.5658327455055002,0.45110951070463207,0.5846566692975534,0.08337679277847898,0.2320441988950277,0.8121546961325967,0.590538217719828,0.5120905923344949,0.03197570768057783,0.3902439024390244,0.6036585365853658,0.5130822332640959,0.3618894009216589,0.04890662527189626,0.21774193548387097,0.5080645161290323,0.3651604150711693,0.5661740558292282,0.05945466782693431,0.3563218390804597,0.7701149425287356,0.56926946153352,0.4386880466472304,0.03899232829988574,0.2908163265306122,0.6224489795918366,0.44040767015106247,0.49792717086834737,0.015603956711554588,0.42745098039215684,0.5686274509803921,0.4981702114939496,0.5182507288629737,0.011397939675608804,0.47755102040816333,0.5469387755102041,0.5183753356745355,0.5017656500802568,0.04750567414740815,0.3370786516853933,0.6348314606741573,0.5039966872302676,0.2337255724876016,0.3580805017092028,0.0014402608935243366,0.9998653160453269,0.4267512083411846,0.44851933235178854,0.10398828094906447,0.2272359661279919,0.6660915121480528,0.4603491743034784,-0.03551932304041076,-0.5551207062640147,1.0,0.04641705138071144,-0.22239383424910456,-0.5214118801166994
24,0.5047724259832083,0.10191972617118758,0.3290322580645162,0.7870967741935475,0.5148899731603888,0.3418786692759294,0.08031316803585795,0.20317460317460334,0.5841269841269843,0.35112255692252153,0.42319875517519234,0.26863899253921636,0.08924949290060846,0.7789046653144016,0.5007692091190973,0.4936965172377366,0.12327814713397607,0.2519280205655527,0.7609254498714653,0.5087530444302154,0.6145276634518909,0.021115310931077352,0.5401718983557549,0.6846038863976083,0.6148878366764958,0.5841027120600112,0.05716707845619466,0.4933641084824005,0.8029428736295442,0.5868744917107058,0.6348815182502238,0.06352564969035238,0.39628681177976954,0.7842509603072984,0.638030101106039,0.3525928343239942,0.1180529736131605,0.009098222697392744,0.6192507595084102,0.3717025099252395,0.4705656364642639,0.05477728797663826,0.2866574327317214,0.6226742319311345,0.4737214558978837,0.43297571158942283,0.06598679721292522,0.19168827331134541,0.5232350866490001,0.4379410925591716,0.5909710133958981,0.09818725687788263,0.19337016574585641,0.9392265193370166,0.5990170645643933,0.5159538924156368,0.04837542224678479,0.3597560975609756,0.6646341463414634,0.5182012851548554,0.36146707909854153,0.06183010457455865,0.1935483870967742,0.6129032258064516,0.36668136908445753,0.5643205794363091,0.07021368546025783,0.3333333333333333,0.8850574712643677,0.5686421644063975,0.4402432205759014,0.05777882909853883,0.22959183673469383,0.6887755102040816,0.4439928159879735,0.5005640612409348,0.0312531186032618,0.40784313725490196,0.6549019607843137,0.5015320993806042,0.519485602460162,0.010873422767620707,0.48163265306122455,0.5510204081632654,0.519598607275367,0.5038864091118976,0.06812095642816976,0.202247191011236,0.6853932584269663,0.5084389776438711,0.20203781542117594,0.35149904075820315,0.000666232427944391,0.9993807943042408,0.404381763739706,0.6097354214174671,0.09313224849192321,0.29167430551030704,0.7182833511984985,0.6167588601013544,-0.03131810503771722,-0.390927567696475,1.0,0.27201745272316774,-0.26642619419909563,-0.5024696098137621
25,0.4568562635358487,0.10772007869530353,0.1999999999999993,0.612903225806452,0.46934023768654487,0.2683493185259974,0.10380999109620048,0.12380952380952381,0.4571428571428571,0.28766263478092124,0.3868648714511999,0.17126623979550093,0.05882352941176461,0.6937119675456389,0.42295733422203896,0.2447337106106989,0.09002083993976016,0.09768637532133677,0.44215938303341906,0.2607100028153772,0.6262452001035247,0.013773261215705851,0.5937967115097159,0.6606875934230194,0.6263961071475229,0.5983384274089136,0.04475065584492853,0.5190421234852857,0.6826312752452395,0.6000036820826415,0.6647837555367536,0.044493371914524564,0.5262483994878361,0.7247119078104993,0.666265792686633,0.338994465887009,0.041113126077704544,0.2489255734685452,0.44839577004096576,0.3414697121045575,0.45635412974452877,0.02509328515702661,0.38801978968189793,0.5777068436582319,0.457041070038642,0.4378229418104676,0.03282101073335895,0.3501634796865766,0.5500448020132309,0.4390470825486357,0.5909845186732525,0.08053916123283233,0.19337016574585641,0.8950276243093923,0.5964279814941825,0.5130138757217961,0.02635172393841263,0.4085365853658537,0.6219512195121951,0.5136878393345407,0.36204833010372717,0.03995722083231667,0.20161290322580647,0.5161290322580645,0.3642388381321755,0.5643150156370575,0.046727108728247306,0.4137931034482758,0.7241379310344827,0.5662394760956097,0.4414617437080836,0.040288863738896674,0.24999999999999994,0.6734693877551019,0.443289891647061,0.49888450079678526,0.01620248447094076,0.4117647058823529,0.592156862745098,0.4991466097290474,0.5191029061801407,0.009158500058207161,0.4653061224489796,0.5387755102040817,0.5191834058777829,0.5043474808432921,0.06488420922156006,0.2359550561797753,0.6966292134831461,0.5084893960088002,0.44388183149381566,0.4830177872428885,0.00031154081249651355,0.9994968759802524,0.6553723061364081,0.70926021281731,0.12037114170899285,0.45133246322443155,0.8796199397004669,0.7193664313921441,0.015012136231361425,-0.4106949200054226,1.0,0.6472751428876886,0.19783817957222635,-0.40955235261551637
26,0.24792626728110617,0.2350076488293063,0.0,0.67741935483871,0.34114577096124943,0.4873106575963717,0.21170840197361365,0.20317460317460334,0.765079365079365,0.5310706239574595,0.584039408866994,0.20811034848493856,0.1338742393509127,0.7606490872210954,0.6198100217126166,0.3933015056922511,0.07454070162369138,0.2493573264781491,0.4910025706940874,0.40026321364830253,0.6126457399103137,0.017253333723412038,0.5868834080717489,0.6797458893871449,0.6128872483095087,0.6385178468386778,0.04847048545613712,0.5363531448355453,0.7010963646855165,0.640344441389004,0.5669946954453999,0.09608043751413148,0.4314980793854033,0.7471190781049936,0.5750318982374534,0.34957567335013917,0.08609973099909803,0.14522224221702354,0.5726111211085118,0.35996382337815086,0.4534312572380757,0.0390942528860898,0.32547277043828376,0.5509026522954765,0.45510386963860333,0.44104669214071945,0.04842478532284018,0.26273521056946225,0.5131069719558462,0.44368203108910786,0.5972217837411207,0.13088916962546696,0.19889502762430944,0.9613259668508287,0.6113165601402765,0.510104529616725,0.05259036602794694,0.35365853658536583,0.8414634146341464,0.5127929147991162,0.35949308755760345,0.08829729495462844,0.16129032258064518,1.0,0.37011773987556457,0.5624302134646959,0.06054143928218365,0.4022988505747126,0.896551724137931,0.5656607344618325,0.43988338192419846,0.08676551846620194,0.08163265306122447,0.7193877551020407,0.4483108589881202,0.49873389355742315,0.03214277160030006,0.39215686274509803,0.6274509803921569,0.4997626942764257,0.5192303206997085,0.016446827350109373,0.45306122448979597,0.5714285714285715,0.5194892475886357,0.5094703049759229,0.10411586149348978,0.21910112359550565,0.853932584269663,0.5199405357982168,0.15809612114151908,0.30896153197689447,0.00024699588802634675,0.9987702063318122,0.34627466249472794,0.44367333645966944,0.2546397486576527,0.1186629523986682,0.8419614976285827,0.5111916556310859,0.09857842680647988,-0.6773647685074097,1.0,-0.22974534988909467,0.4399837891496382,-0.8557702286829502
27,0.2977712609970672,0.0990604832236673,0.15483870967741886,0.645161290322581,0.313745276874028,0.45067821067821046,0.10761920136338377,0.2507936507936508,0.6666666666666665,0.46329266896454085,0.526378388345934,0.1844286928857509,0.17647058823529405,0.7505070993914807,0.557614151225096,0.41021266651086696,0.20661990526961327,0.07197943444730077,0.6683804627249358,0.459099295850304,0.6147107283598316,0.011608057740709781,0.5880044843049327,0.6504110612855007,0.6148198224510996,0.6191470387661961,0.04027381792203319,0.5126947489901905,0.6736872475476053,0.6204495655448067,0.5775171691304856,0.05331013969246207,0.443661971830986,0.7176696542893726,0.5799613207659164,0.33596942335099794,0.06656541584794742,0.1149530533825911,0.4335099344758598,0.3424708269490179,0.45902753498039955,0.03696966791928439,0.3437812729237122,0.5434311333600508,0.46050713532734594,0.4485253898295097,0.03804057283472496,0.35388824280784703,0.5425976588565001,0.45012835152142044,0.5882973380210953,0.09739045422806529,0.2596685082872929,0.8895027624309393,0.5962680146654059,0.5149113082039913,0.04299076273126756,0.3902439024390244,0.725609756097561,0.516694745533232,0.3667521994134897,0.06133257444363066,0.1935483870967742,0.7903225806451613,0.3718222181308594,0.5658829676071051,0.055070724491363174,0.27586206896551724,0.7701149425287356,0.5685442219729667,0.43583024118738406,0.07871776558948987,0.09693877551020402,0.9795918367346939,0.4428502228796831,0.49705882352941155,0.02684342308705013,0.38823529411764707,0.6705882352941177,0.49777983898123784,0.5196846011131725,0.014150178741936957,0.4612244897959184,0.5551020408163265,0.5198763334364438,0.5052604698672113,0.08630426455339411,0.03370786516853935,0.803370786516854,0.5125453267842319,0.2784014747630525,0.4044796972768417,1.154971603695154e-05,0.9998621270646288,0.490272937155513,0.46927197076847077,0.13238885896873812,0.21808946806059182,0.7009231924226138,0.4875072565715124,0.19472757177272734,-0.21566759157035803,1.0,0.18826721442972338,0.19409443063122675,-0.5631085044803584
28,0.4729371816638364,0.08412435259823559,0.3677419354838696,0.7677419354838699,0.48033493860911897,0.30794764689501564,0.06171587677065243,0.13333333333333353,0.4571428571428571,0.31404973856019675,0.5379666204049672,0.23409159438157992,0.13184584178498981,0.8154158215010142,0.5865276485189853,0.47125783610697675,0.10319956406362067,0.2647814910025707,0.7172236503856042,0.48238649355853963,0.6236730653239969,0.012745928036509532,0.5898729446935724,0.6612481315396113,0.623802838292422,0.6108117957906887,0.04893192399076741,0.5233698788228506,0.7019619157530295,0.6127617660179298,0.6370307972235326,0.043067078448512305,0.442381562099872,0.7804097311139564,0.6384798367067184,0.3365100182311732,0.056303737365459836,0.11991499857095975,0.43632302660131894,0.3411714818318331,0.46017444316695605,0.033417739241705866,0.33426141410448407,0.5784404024495707,0.46138199470232594,0.4406428762792149,0.04159179446248998,0.22103120889176978,0.5214477722913847,0.44259456846767103,0.5941843559174173,0.09014987209518076,0.21546961325966857,0.9281767955801106,0.6009605082434866,0.5131792896876339,0.03675775157379096,0.4024390243902439,0.7195121951219512,0.5144894312325323,0.36383701188455003,0.04826194188999604,0.20967741935483872,0.6129032258064516,0.36701282480008557,0.5649526114135912,0.05806121151205287,0.3793103448275862,0.7586206896551724,0.5679178893019712,0.4389187253848909,0.06477428288206535,0.1428571428571428,0.7551020408163265,0.4436559854604684,0.4997729618163056,0.026170778281978356,0.40784313725490196,0.6627450980392157,0.5004553124973519,0.520014321518081,0.012398662067185082,0.46938775510204084,0.5632653061224491,0.5201615922120854,0.5102897693672382,0.07427541626646257,0.22471910112359555,0.8314606741573034,0.5156482607921792,0.16239067547116084,0.3071723117407111,0.00045793070721883433,0.9999159470050408,0.346979093036342,0.6391337054950537,0.06609488124680629,0.45367818925262293,0.8117835007461325,0.6425302316932294,-0.3028921039908839,-0.48661740871214004,1.0,0.6412775713784322,-0.33817924130048194,-0.6184317096494383
29,0.49645161290322537,0.07590901255246969,0.3096774193548386,0.645161290322581,0.5021804692790093,0.2365079365079364,0.08156992175416959,0.07619047619047614,0.3333333333333335,0.2500842459643252,0.4240944653723562,0.19538432399590158,0.11561866125760645,0.6470588235294118,0.4666459801691874,0.2808666911494677,0.11578388111877162,0.11053984575835478,0.5449871465295629,0.3036383520649164,0.6272701793721973,0.01675450913626015,0.5844544095665172,0.6670403587443945,0.6274922998802864,0.6069635644217293,0.05369890120000961,0.5196191575302943,0.6858049624927871,0.6093174407341654,0.6736052679714655,0.03520435345595986,0.558258642765685,0.7477592829705506,0.674518013892991,0.3598604341862713,0.07141132246515873,0.23817336904169617,0.5373799870857107,0.36682786633395836,0.4569497078654843,0.058305893266915154,0.3115562461476445,0.6480159929878342,0.46062819064164173,0.4308351047604524,0.05880994353421721,0.27658570529807636,0.5656826110994605,0.43480201540376123,0.5932123125493292,0.12806137881458418,0.2596685082872929,1.0,0.6067811991732522,0.5134146341463417,0.051533351122030335,0.3414634146341463,0.6585365853658537,0.5159760688692732,0.3644009216589859,0.0751591047407332,0.20161290322580647,0.75,0.3720168994948173,0.5705254515599344,0.07344024900387106,0.4137931034482758,0.8620689655172413,0.5751993013421192,0.44424198250728875,0.08096380961832958,0.04591836734693877,0.7755102040816326,0.45150775748849675,0.4971708683473391,0.06402812193693831,0.2901960784313725,0.8509803921568627,0.501247633283218,0.5185131195335275,0.020975298240828527,0.45306122448979597,0.5959183673469388,0.518934172772281,0.5078651685393258,0.09049136436910897,0.151685393258427,0.8089887640449438,0.5158073533978077,0.21968847475095066,0.39474187714496434,9.565060787392055e-05,0.9983022748538203,0.45052321505012477,0.7357663313361863,0.07714999639739026,0.6043306452035009,0.9049549763455986,0.739771384358225,-0.411466661538102,-0.6716283283582848,1.0,0.6142787196271721,0.06693293175015236,-0.16723662228641
30,0.28729953917050693,0.15686595984557367,0.07096774193548328,0.5999999999999996,0.32711976941321386,0.41329705215419477,0.11878540169719111,0.19365079365079385,0.6000000000000001,0.4299346422030281,0.43112141408287424,0.1776786564658367,0.11156186612576058,0.6166328600405679,0.4661061899720331,0.24891663606316566,0.09553340162126918,0.10025706940874037,0.41131105398457585,0.26652198850786846,0.6176873798846895,0.011711942896523704,0.5904334828101644,0.6491031390134528,0.617797770349571,0.6102217459401533,0.03865499971112997,0.5380842469705713,0.6624350836699365,0.6114378544739918,0.602773001646241,0.06338648008987836,0.49103713188220227,0.6933418693982074,0.6060776998476468,0.34681662767680393,0.06646904313910498,0.1680445437127523,0.49288655537795467,0.3530929912228183,0.45325046228265625,0.03903338940055067,0.3269375443826505,0.5563211440704778,0.4549185429617727,0.4417224127177803,0.040479898385981684,0.29713982041065334,0.5181710293024231,0.4435627898226811,0.5910339384372535,0.08465921505866723,0.24861878453038677,0.8453038674033149,0.5970321128292166,0.512439024390244,0.039241929414659434,0.4024390243902439,0.7317073170731707,0.5139308155265514,0.3608755760368661,0.04872938944027025,0.24193548387096775,0.6290322580645161,0.36413207205438175,0.5626272577996713,0.05261946692214153,0.43678160919540227,0.735632183908046,0.5650685071357622,0.43551020408163255,0.05828053825814618,0.26530612244897955,0.6224489795918366,0.43937040152385004,0.4971204481792716,0.01939345105551074,0.43529411764705883,0.592156862745098,0.4974964288967114,0.5196501457725947,0.011138171868346826,0.48571428571428577,0.5755102040816327,0.5197688178086527,0.5069341894060996,0.0881900453593492,0.044943820224719155,0.9044943820224719,0.514504920990086,0.34266303871270726,0.4532134976418733,0.00029369672242407496,0.9993345202920195,0.567139051837561,0.5363854295133457,0.16249598549242977,0.2862028007009416,0.8156637454031843,0.5603243604321085,-0.146668197173759,-0.8525687678471019,1.0,0.07766955574454801,0.3223956243003439,-0.769590558607792
31,0.35156871409633206,0.14724081423224733,0.05161290322580658,0.5870967741935482,0.3809618431461569,0.41850402261361147,0.07626101422678606,0.3015873015873016,0.5873015873015874,0.4253487103346677,0.5090444302425746,0.23073500028026414,0.11156186612576058,0.742393509127789,0.558569802346775,0.43816248195231877,0.14605712825791026,0.2467866323907455,0.737789203084833,0.46170654210948137,0.6155642750373695,0.009179978655498267,0.5911808669656202,0.6350896860986547,0.6156322534637559,0.6113952367025272,0.04839489669555267,0.5253894979803809,0.6783035199076746,0.613294513215786,0.5947283952782697,0.06275482613111882,0.48655569782330343,0.7144686299615877,0.5980075740307974,0.34093357725379825,0.10027476520113004,0.09080492013253022,0.5304332638219945,0.35527716303858664,0.46869660096356913,0.028496562735613806,0.40837897568943976,0.5463606812487842,0.4695561689811436,0.4463774679954842,0.05113431490343056,0.3011600861723829,0.5414061159514232,0.4492768111823768,0.5927117233028075,0.05585019466979305,0.425414364640884,0.8066298342541437,0.5953192979390397,0.5126962913464751,0.04310738635728942,0.3719512195121951,0.6585365853658537,0.5144929603031143,0.36146707909854153,0.05229565220388666,0.24193548387096775,0.5161290322580645,0.36520480933750876,0.565029129270981,0.05571945010368552,0.4022988505747126,0.7241379310344827,0.5677510979908242,0.44272435001397786,0.05480597392637241,0.2908163265306122,0.6479591836734693,0.44608067837714455,0.49967767929089435,0.021845329898774968,0.4392156862745098,0.611764705882353,0.5001517099845598,0.5190103438635723,0.009571537130230184,0.48163265306122455,0.5469387755102041,0.5190979906193589,0.5068108357703554,0.04946817143185141,0.30898876404494385,0.7078651685393258,0.5092028694737074,0.20272113471757,0.351357706300401,0.0003540898203813203,0.9999058536074228,0.40460169669122126,0.5139033747834644,0.11507590126748196,0.3118066726976485,0.7477205674978682,0.5265438631914985,-0.13721055725692513,-0.6561349523189814,1.0,0.5307777810835065,-0.5358287989307897,-0.8085538855493057
32,0.4199199434895216,0.1375852987161641,0.2580645161290329,0.6967741935483867,0.4417287632304269,0.4152473641524735,0.11956119498696166,0.19365079365079385,0.5809523809523811,0.4319964242876032,0.5810692764394959,0.21402422284966244,0.19675456389452328,0.8133874239350913,0.6189616457725564,0.5893644568705084,0.11531869787466935,0.3676092544987147,0.7043701799485862,0.6004596543261345,0.6157354369196862,0.01104366001074128,0.585762331838565,0.6474215246636771,0.6158337441781023,0.6164387311990096,0.041688195100550655,0.5395268320830929,0.6705135603000577,0.6178364909023845,0.5876239520734223,0.07540441163376423,0.48207426376440465,0.736235595390525,0.5924071505053045,0.350938800995468,0.1146635278497706,0.029771671130212007,0.5828631614603732,0.36906611585223154,0.46478886153902893,0.025949043829638065,0.40193397033422623,0.5484113647708976,0.46550738307993045,0.4433832039555466,0.03980652696738743,0.31858759270203807,0.5092344575143462,0.4451535229678664,0.5966850828729284,0.08300282312826307,0.28176795580110503,0.9558011049723757,0.6023888019195069,0.5153996795442405,0.03855075042592095,0.41463414634146345,0.7317073170731707,0.5168289292859678,0.3641982575935954,0.050912827786714715,0.22580645161290325,0.5725806451612903,0.36771397350721324,0.5668260760130881,0.05858872746254026,0.4137931034482758,0.7586206896551724,0.5698239935936847,0.44391479219424984,0.05976430121645396,0.21938775510204078,0.7346938775510203,0.44789065976249,0.4987548303993129,0.027689762998209796,0.3686274509803922,0.6039215686274509,0.4995172742793581,0.5189334127811706,0.011683640513820126,0.48163265306122455,0.5632653061224491,0.5190639632565365,0.5052899204461575,0.0669728458325501,0.2078651685393259,0.6966292134831461,0.5096768838334789,0.060429018466488106,0.02985222355937615,0.0025524005440457076,0.08580249724850342,0.06735218438480607,0.5065745110832593,0.15200753903709574,0.3369815858102916,0.8154523745946054,0.5287299576704707,0.25304439131659323,0.8939394490419115,1.0,0.367309931297779,-0.41807861607019986,-0.9457056716464514
33,0.4764833695470493,0.10579581499757525,0.3161290322580639,0.7032258064516119,0.4880278295132662,0.29334649231022325,0.14756649742447714,0.11428571428571432,0.6000000000000001,0.32819995028160764,0.5075933535822766,0.19908272366989588,0.09939148073022308,0.768762677484787,0.5450500768828411,0.4189432182958828,0.1845776753833692,0.21593830334190234,0.7917737789203084,0.4576088018313824,0.6234413361524814,0.017396799814355608,0.5792227204783258,0.6608744394618833,0.6236827560063567,0.6134275523292146,0.047743098500864514,0.5150028851702251,0.6840738603577612,0.6152730735457885,0.6394817326000282,0.06977076240805881,0.4897567221510883,0.7419974391805377,0.6432570427357609,0.36132175277829165,0.08474503757523578,0.17615037737247136,0.5724443997501826,0.37107670289675715,0.4649503122570184,0.02058611763176704,0.4142380714669066,0.5035892820732761,0.465403465084933,0.42897204099520014,0.036331426325433624,0.3324404705164624,0.5002978857262692,0.4304998783489675,0.5939655912747261,0.08759040668507229,0.3093922651933702,0.9116022099447514,0.6003561037044177,0.5103626943005184,0.04022717770242428,0.3902439024390244,0.6341463414634146,0.5119374189974937,0.3585575798094599,0.057633199099786946,0.1370967741935484,0.5725806451612903,0.3631362187788638,0.557917932225597,0.0718197222444057,0.2298850574712643,0.8390804597701149,0.5624977918515623,0.4396743153219838,0.03250259789447815,0.27040816326530603,0.5663265306122448,0.44086783592233647,0.4980798537031391,0.013801085226614798,0.4156862745098039,0.5411764705882353,0.4982700309344546,0.5194670614359732,0.009535902356466149,0.489795918367347,0.5510204081632654,0.5195541263362171,0.5071316295045699,0.06594145950260269,0.25842696629213485,0.7078651685393258,0.5113787596267677,0.09224860497972764,0.22503993550407153,8.871836077922746e-05,0.9998147969278429,0.24267339959453246,0.6502662783214054,0.17934378290852598,0.2924294711980353,0.8544215563788387,0.674421063833958,-0.26044505220903,-0.4366232606509231,1.0,0.640791879785137,0.25782444965140144,-0.2925616163830696
34,0.3674508852777098,0.12801865981012572,0.16774193548387029,0.5806451612903221,0.38895463290952537,0.3194653299916455,0.06816327149010129,0.23809523809523836,0.44126984126984126,0.3266028085838711,0.49415119949976344,0.1920781796384206,0.15010141987829617,0.7748478701825559,0.5299075734128695,0.273711270464078,0.049075901163142324,0.19023136246786632,0.3676092544987147,0.27804351287517326,0.6255183923935401,0.012282510879267803,0.5809043348281016,0.6517189835575485,0.6256380623090566,0.6227846014343418,0.04491867421033252,0.5464512406231968,0.6990767455279862,0.6243902437541743,0.6289603650611805,0.04706758378667057,0.5409731113956466,0.7247119078104993,0.6307058279725384,0.3561894274582816,0.08385878004320471,0.16126454180736535,0.5525966189967079,0.3658556119905356,0.45077472312424394,0.03238636180845654,0.33089126221328513,0.5325918061717371,0.4519279158781527,0.44327191446291564,0.039661062721096575,0.32618248717899834,0.5209997521590758,0.4450293956368461,0.5896647696589542,0.0986845179517539,0.23756906077348072,0.9502762430939227,0.5978042755347781,0.5133412800293419,0.047286041677180854,0.36585365853658536,0.6524390243902439,0.5154982325063021,0.3642372059180207,0.05390847176373699,0.20161290322580647,0.6451612903225806,0.3681752503245307,0.5641690432979002,0.06057526968677394,0.367816091954023,0.7701149425287356,0.5673874192432953,0.44034831977903943,0.07512673519639143,0.24999999999999994,0.7397959183673468,0.4466634446484418,0.4988058381247235,0.030289761560706577,0.4,0.6274509803921569,0.4997177558728795,0.5194721497621605,0.012731298204461089,0.47346938775510206,0.5551020408163265,0.5196269639280743,0.5079412013179014,0.06479383953494192,0.22471910112359555,0.7134831460674158,0.5120263078312712,0.22816141790595612,0.3942789937956732,0.0005447684229335503,0.9986697713662017,0.45425182006065573,0.63486142784432,0.09953201636032223,0.47247204001886756,0.788845717278901,0.6425583000502519,-0.22935654095289842,-0.7127713490631903,1.0,0.3559609494321161,-0.17406314433611086,-0.6752022337085325
35,0.4763839107925127,0.15595820765599852,0.1483870967741936,0.7225806451612895,0.5011132120122112,0.2827748383303942,0.13068287447578578,0.07619047619047614,0.5206349206349206,0.3113425814701482,0.5252422808203742,0.1719682223556399,0.19066937119675453,0.7099391480730223,0.5525124190910264,0.4557269351613823,0.07612294642313872,0.30848329048843187,0.5989717223650385,0.4620021348785026,0.6249388713576556,0.01857823792217248,0.5947309417040358,0.6748878923766816,0.6252132542555476,0.6104450286023665,0.034773360272751706,0.5418349682631276,0.6736872475476053,0.6114285366379971,0.6385964496293133,0.06205138725044931,0.4884763124199744,0.7503201024327785,0.6415855612418787,0.35092928126268863,0.08670250971844173,0.09295641956620682,0.5114111507478644,0.3614170477400049,0.47339681178966975,0.0391946515977201,0.37879054201323215,0.6130090675366251,0.4750066097251467,0.44639348500821363,0.049257050094973734,0.3066721636512688,0.5649390883266925,0.4490862094819582,0.5850896937453106,0.09900463378649968,0.16022099447513816,0.861878453038674,0.59335601587456,0.5129855465221319,0.041177371390473866,0.3719512195121951,0.6829268292682927,0.514625378636973,0.36584030266825945,0.06184197016079842,0.22580645161290325,0.7741935483870968,0.3709985832070868,0.5642117212998441,0.06455768412198355,0.4137931034482758,0.8045977011494252,0.5678704381472753,0.43619299571680503,0.07783098327871857,0.23469387755102036,0.7755102040816326,0.44304017706691434,0.49946744129750636,0.03501221993639404,0.4117647058823529,0.7450980392156863,0.5006855434817509,0.520156210632401,0.011336037372732928,0.48571428571428577,0.5551020408163265,0.5202789597489464,0.5032944929948674,0.06472351686021985,0.2977528089887641,0.7921348314606742,0.5074136591225337,0.11419517314934369,0.25141416468379457,0.000922789212783548,0.9999736547385878,0.2754259251676995,0.6557088092506086,0.15065223208778192,0.3774931558274375,0.888121746929653,0.6726886636549083,-0.10534249977622505,-0.43300948582626625,1.0,0.30178929943753846,0.41860592926226253,-0.43650170250729153
36,0.4482192802535894,0.17811914976960577,0.23870967741935445,0.8645161290322578,0.48212401405463273,0.3788604459124687,0.1381783498859265,0.10158730158730167,0.6000000000000001,0.4031353720655055,0.624042959818968,0.230792960698907,0.2068965517241379,0.8580121703853956,0.6651218790386815,0.5751667979256132,0.06847731063409408,0.4498714652956299,0.6915167095115682,0.5792053889944524,0.6193913787293603,0.01726544530104188,0.5814648729446935,0.7019805680119581,0.6196305774812432,0.6285751928727955,0.05382748361184498,0.5037507212925563,0.722735141373341,0.6308624438986555,0.603084085173151,0.09085472313528851,0.17541613316261206,0.791933418693982,0.6098502112533274,0.3494992118098257,0.10054230942865748,0.07443182419629712,0.5924589018619864,0.3635932107801461,0.45910163520792835,0.04962521136856164,0.18617159650985382,0.6090530060676795,0.4617604768879622,0.44093856553552097,0.05155706273414653,0.27569204811926873,0.5513840962385373,0.44392520133109364,0.5946092677162845,0.05606580858676797,0.40331491712707185,0.7513812154696133,0.5972314344954704,0.5151557873960242,0.047138078967640815,0.35365853658536583,0.7012195121951219,0.517295505349193,0.3672851016222263,0.0717077966726641,0.12096774193548387,0.7338709677419355,0.3741799451962957,0.5691980599295726,0.06851395420072343,0.4022988505747126,0.7816091954022988,0.5732830535292982,0.43688805001769493,0.07933129186557489,0.19387755102040813,0.6989795918367346,0.4439912654222613,0.49797121160602964,0.037071991977155966,0.3411764705882353,0.6392156862745098,0.4993412821493124,0.5187920254807128,0.012877682148677062,0.47755102040816333,0.5551020408163265,0.5189509050168772,0.503994284600896,0.04315154557623975,0.35955056179775285,0.7359550561797753,0.5058275708847522,0.060858625772802724,0.025563047975675515,0.012327556544239338,0.08797063762888208,0.06598078866507964,0.5602697609801186,0.16187424343433932,0.3131363377422731,0.911605213467801,0.5830557535637103,0.18351242200731885,0.9181711091571622,1.0,0.28216276711418753,-0.36389880177706513,-0.8520207167045969
37,0.575037220843672,0.11797971984578055,0.3806451612903228,0.7612903225806456,0.5869241422631307,0.2673015873015871,0.11955073540216547,0.06984126984126982,0.5174603174603176,0.292630441918365,0.4519737868622252,0.2649635271904467,0.06288032454361059,0.8580121703853956,0.523398443951352,0.4781688748269726,0.15333074193905039,0.2930591259640103,0.7763496143958869,0.5019710556287075,0.6227607220880763,0.019176867649753036,0.5889387144992526,0.6943198804185351,0.6230536416433458,0.5951973012561589,0.05284485831642946,0.516733987305251,0.7126370455856896,0.5975206482589424,0.6623313306411897,0.07991855801754917,0.4692701664532651,0.7778489116517285,0.6670986710229362,0.3788661848371913,0.11307904784081058,0.16507002297049825,0.6467095025881505,0.395257000604737,0.46422857973174736,0.03752027584322627,0.35945552594759156,0.5488496251350521,0.46573073371922785,0.4400723761491975,0.05833320783766237,0.28939479152765335,0.5421520218100013,0.4438921989460747,0.5898002549936248,0.0861036341354285,0.2651933701657459,0.861878453038674,0.5960043180176064,0.5103658536585366,0.09513688791977305,0.07317073170731708,1.0,0.5190902703149448,0.3619727047146401,0.09278818342712732,0.18548387096774194,0.8709677419354839,0.37358755049976916,0.5648983200707338,0.057106775012194896,0.3333333333333333,0.7816091954022988,0.567755413661699,0.43967817896389316,0.03896730114647053,0.23469387755102036,0.6989795918367346,0.4413883451414778,0.49972850678733044,0.014235532050606174,0.42745098039215684,0.5843137254901961,0.4999296670729167,0.5194034536891674,0.012200642892645703,0.489795918367347,0.5510204081632654,0.5195456268197082,0.5113656006914432,0.08143766553655633,0.25842696629213485,0.7696629213483146,0.5177604222376733,0.2736765330997888,0.40173943883603475,0.00029016423861477625,0.9997511468057381,0.48482153906550035,0.712620554428804,0.15832907241027372,0.43132477558899085,0.9042079028237111,0.7298652740495352,-0.28839169289538186,-0.6642445165670319,1.0,0.15047568602923309,-0.2515179838020207,-0.7813696781898756
38,0.3980925666199155,0.09462612763547791,0.17419354838709644,0.5999999999999996,0.4090891514757298,0.3734437543133196,0.09059442111606711,0.17460317460317465,0.5428571428571429,0.3841825328143043,0.3402592821236439,0.2134925259488452,0.05679513184584184,0.6389452332657201,0.40119708132911774,0.30980216832457813,0.06349088076305007,0.20308483290488433,0.4730077120822622,0.31618574045216874,0.6140199519074544,0.014007252416183766,0.584641255605381,0.6476083707025411,0.6141783115240997,0.5822223337263855,0.04782800861088247,0.5175995383727641,0.6595499134448933,0.584166476985,0.6306240605689473,0.04461621977765268,0.5153649167733674,0.7669654289372598,0.6321866838276834,0.3458014982600687,0.09736626644230474,0.16324931988271282,0.5289460034508675,0.3591328857211811,0.45061029870077857,0.05718645977330276,0.2579478634221337,0.5749249449830907,0.4541932354868218,0.44867295276350905,0.053349760471786065,0.2444140468609994,0.5323194097573065,0.4518062261028432,0.6004804227720394,0.060580929899024936,0.44751381215469616,0.8287292817679558,0.6035021737572832,0.5152704135737012,0.026997154256873754,0.4024390243902439,0.5914634146341464,0.5159710337297425,0.36542776998597465,0.04181403031502287,0.22580645161290325,0.5,0.36779160487382395,0.5664167916041978,0.052354338493093316,0.3908045977011494,0.7471264367816092,0.5688102706436735,0.4390860692102928,0.037065181503131255,0.27040816326530603,0.5408163265306122,0.4406341538359856,0.49882352941176455,0.012261057965351098,0.4666666666666667,0.5411764705882353,0.4989728848234585,0.519716060337178,0.010324696943182825,0.48163265306122455,0.5510204081632654,0.5198177140001573,0.5125061064973132,0.06325040708238189,0.2921348314606742,0.7471910112359551,0.5163606639213819,0.28975168349041025,0.43447855307973604,0.00012149564655433709,0.9991448244236116,0.5206593501360378,0.5928079888177881,0.08226514770781768,0.33607705656736275,0.7977835066298158,0.598439652624508,-0.5186651693065792,-0.6880859363030161,1.0,0.790623802034264,-0.2630732984778492,-0.5283401275923542
39,0.4027129859387924,0.11429801938538693,0.17419354838709644,0.7032258064516119,0.41853887658903843,0.41575905575905586,0.09456060471704812,0.16825396825396832,0.5587301587301587,0.42632317025641164,0.4356269828886462,0.22252758828167202,0.10141987829614596,0.7545638945233266,0.48891252244160954,0.452508074616044,0.23611081529426625,0.16966580976863754,0.8637532133676094,0.5101235006211797,0.6136340117281824,0.009755765718329116,0.5911808669656202,0.6457399103139013,0.6137111594533959,0.5906342935771671,0.03773736196766058,0.5213502596653203,0.6451240623196769,0.5918324713271694,0.6025312715453561,0.0601515761538855,0.4897567221510883,0.7119078104993597,0.605511015894792,0.3287255404092674,0.08257185409138289,0.06566439784479561,0.4358255088970985,0.3388858618077874,0.4635040409432415,0.04437073488057769,0.2972038051311617,0.6187205141004999,0.4656121367281869,0.4437852299518934,0.04763101196948467,0.323203629916306,0.5455765161191924,0.4463209710483099,0.5890069414931293,0.09322010200069088,0.11602209944751385,0.9226519337016574,0.5963007634625953,0.5115384615384618,0.036324446921149,0.3902439024390244,0.6951219512195123,0.5128199455830538,0.3628205128205126,0.0483176931560708,0.20967741935483872,0.564516129032258,0.36600731097927536,0.5668140288829941,0.056478677887378384,0.3793103448275862,0.7586206896551724,0.5696065538906812,0.4402668759811617,0.048355528704242645,0.2551020408163265,0.6479591836734693,0.44290087850459126,0.498783308195073,0.022695937279749626,0.37254901960784315,0.5882352941176471,0.49929675798667705,0.5197278911564628,0.019972916765388263,0.41224489795918373,0.6979591836734694,0.5201095581892177,0.5032843560933447,0.06945231867538454,0.1910112359550562,0.7752808988764045,0.5080295573305029,0.35803443545905766,0.43643395952062486,8.919122118072886e-05,0.999238373769368,0.5636368202766547,0.5236504055365908,0.14085129947435704,0.2977947598617128,0.7753852865395743,0.5421688822373891,0.0114597461854261,-0.640485035806028,1.0,-0.021355436081460986,0.09233631657879768,-0.8144159282413271
